image_00000 223 266 244 297
image_00001 225 267 246 297
image_00002 224 266 243 297
image_00003 225 266 244 296
image_00004 227 268 245 297
image_00005 226 268 245 298
image_00006 226 266 246 297
image_00007 222 263 245 297
image_00008 221 263 246 296
image_00009 222 261 247 298
image_00010 222 261 246 298
image_00011 223 259 248 301
image_00012 220 261 246 301
image_00013 220 258 248 301
image_00014 218 258 246 300
image_00015 218 257 246 300
image_00016 221 253 249 301
image_00017 218 255 250 300
image_00018 217 251 252 302
image_00019 214 248 256 303
image_00020 217 250 261 303
image_00021 220 248 263 302
image_00022 215 248 266 305
image_00023 216 248 261 303
image_00024 218 250 261 303
image_00025 217 247 262 304
image_00026 215 246 263 303
image_00027 215 247 267 303
image_00028 214 246 264 306
image_00029 217 248 265 304
image_00030 216 248 264 305
image_00031 215 247 265 305
image_00032 215 248 262 307
image_00033 227 246 264 309
image_00034 232 243 263 308
image_00035 237 243 263 309
image_00036 239 243 264 308
image_00037 237 242 263 309
image_00038 234 242 266 308
image_00039 238 243 267 308
image_00040 242 245 270 305
image_00041 239 245 269 307
image_00042 242 242 268 308
image_00043 241 241 273 287
image_00044 242 237 273 282
image_00045 243 239 273 282
image_00046 245 237 274 278
image_00047 243 240 272 276
image_00048 245 240 274 276
image_00049 246 240 273 275
image_00050 250 239 271 270
image_00051 248 240 272 271
image_00052 250 241 273 269
image_00053 253 240 271 268
image_00054 253 241 271 268
image_00055 252 240 273 268
image_00056 253 242 270 265
image_00057 254 242 269 264
image_00058 253 241 269 264
image_00059 253 241 269 263
image_00060 253 243 267 262
image_00061 254 245 264 259
image_00062 254 245 265 259
image_00063 253 242 264 259
